1237651249875321080
1237651249892229274
1237651249893081376
1237651249902256370
1237651250406031553
1237651250408259745
1237651250409898176
1237651250439717040
1237651250948079652
1237651250949455963
1237651250951946376
1237651250968789175
1237651250969641095
1237651250973966448
1237651250974556445
1237651250976653494
1237651250977964292
1237651250982814145
1237651251478266116
1237651251481477281
1237651251489669199
1237651251491111027
1237651251502317675
1237651251502448793
1237651251503169667
1237651251505201367
1237651251509264538
1237651251512803587
1237651251513721098
1237651251515424982
1237651251517522034
1237651252018348084
1237651252020379838
1237651252023984323
1237651252040171644
1237651252042465374
1237651252043317357
1237651252047184064
1237651252047315240
1237651252048953572
1237651252049281152
1237651252050198549
1237651252050657464
1237651252053409863
1237651252060553657
1237651252552794371
1237651252558168227
1237651252559085699
1237651252566491248
1237651252583792768
1237651252584120436
1237651252586283133
1237651252589232440
1237651271356186746
1237651271892336727
1237651272432549975
1237651272433008763
1237651272435433663
1237651272439365767
1237651272953758142
1237651272955920758
1237651272966406282
1237651272974467171
1237651273504653384
1237651273513566325
1237651273513762883
1237651274029334947
1237651274040017074
1237651274044014695
1237651274046439648
1237651274051485741
1237651274052468986
1237651495221526951
1237651495754793244
1237651495756497248
1237651495757087077
1237651495759904898
1237651496294220024
1237651496295661797
1237651496296710382
1237651496828338661
1237651496830959825
1237651503805497555
1237651504881729688
1237651505953439937
1237651535482781870
1237651537633542268
1237651537646584081
1237651537647304830
1237651537649533053
1237651538165629081
1237651538173362342
1237651538174083229
1237651538175787123
1237651538176114882
1237651538177818825
1237651538181619928
1237651538181882080
1237651538183323838
1237651538186076279
1237651538187190469
1237651538712985649
1237651538719604974
1237651538720587939
1237651538722947295
1237651538724913368
1237651539242778771
1237651539253723272
1237651539253788856
1237651539254640779
1237651539262046448
1237651539779190927
1237651539785875554
1237651539787317341
1237651539793805496
1237651539797803348
1237651539798393075
1237651539798720736
1237651540315078858
1237651540320190597
1237651540333559931
1237651714260009241
1237651714797731856
1237651714798977350
1237651714799567080
1237651715334734070
1237651715871211777
1237651735211737420
1237651735220846767
1237651735223140558
1237651735229759573
1237651735235068121
1237651735236313288
1237651735243718897
1237651735747821827
1237651735748018424
1237651735750574245
1237651735759356054
1237651735765319748
1237651735773184222
1237651735774363853
1237651735777968343
1237651736299897027
1237651736301600848
1237651736302846177
1237651736303173653
1237651736303239368
1237651736308875641
1237651736313528554
1237651736315232596
1237651736316215648
1237651736316608823
1237651736316608869
1237651736317001961
1237651736833687724
1237651736838013064
1237651736839258335
1237651736839848039
1237651736847319185
1237651736852758838
1237651736854266358
1237651737375604894
1237651737384517867
1237651737904545861
1237651737907691695
1237651737920602234
1237651737930563727
1237651752388198462
1237651752396914869
1237651752400584763
1237651752405631141
1237651752918909173
1237651752925724825
1237651752926445848
1237651752933261524
1237651752934441164
1237651752936472790
1237651752937586691
1237651752937783493
1237651752945254529
1237651753453945126
1237651753461022851
1237651753467838569
1237651753473605763
1237651753476554846
1237651753479241846
1237651753488154979
1237651753488416855
1237651753998352534
1237651753999794339
1237651754000122037
1237651754003267672
1237651754005758150
1237651754011721850
1237651754017095883
1237651754019258575
1237651754531487930
1237651754531946940
1237651754532143288
1237651754538041534
1237651754541121668
1237651754542366828
1237651754551017620
1237651754555801832
1237651755074191644
1237651755079303230
1237651755081072796
1237651755097063578
1237651800696946974
1237651800698061129
1237651800698716545
1237651801773506780
1237651818952786039
1237651818953769238
1237651821634715768
1237651822172700972
1237651822173552811
1237651822173552868
1237651822175453384
1237651822176567457
1237651822710816973
1237651822710947985
1237651822712193292
1237651822712783063
1237652598486990944
1237652598493610181
1237652598494724351
1237652598496362671
1237652599024517562
1237652599035658516
1237652599038869821
1237652599038935156
1237652599560864407
1237652599565320648
1237652599565910250
1237652599575478374
1237652600101994779
1237652600102125747
1237652600106451238
1237652600107565286
1237652600636047825
1237652600636899778
1237652600643453062
1237652600643846313
1237652600645025883
1237652601171345894
1237652615668629571
1237652615668826170
1237652616204386429
1237652616741519486
1237652628564148395
1237652628567490595
1237652629097480251
1237652629101543537
1237652629101609131
1237652629104361788
1237652629640249538
1237652629641363547
1237652629641756770
1237652629642215623
1237652630713925732
1237652899145580670
1237652899162292321
1237652899687104676
1237652899687956664
1237652899690184831
1237652900212244526
1237652900225548521
1237652900225941590
1237652900228890761
1237652900230660224
1237652900237934686
1237652900749377634
1237652900750688438
1237652900758945963
1237652900759994450
1237652900761108553
1237652900768120868
1237652900770283646
1237652900773036173
1237652901281267797
1237652901282906254
1237652901300076589
1237652901300338758
1237652901305909386
1237652901817942081
1237652901819121795
1237652901825020028
1237652901825282147
1237652901840879735
1237652901847367869
1237652933492605755
1237652933492671169
1237652933495816652
1237652933501255939
1237652934031442379
1237652934031508088
1237652934031770237
1237652934036881797
1237652934568771955
1237652934568772314
1237652934574538964
1237652934574539102
1237652935103742966
1237652935103808145
1237652935106429327
1237652935109575148
1237652935110164651
1237652935110885740
1237652935110951164
1237652935111016876
1237652935642317463
1237652935644938731
1237652935646708091
1237652936184103227
1237652939402576841
1237652939402577169
1237652939939513170
1237652942083457458
1237652942100627626
1237652942102397066
1237652942626619826
1237652942627078695
1237652942629372143
1237652942632190244
1237652942634877151
1237652942638416052
1237652942639530129
1237652943162310986
1237652943168274713
1237652943172337845
1237652943698002044
1237652943703441744
1237652943703900434
1237652943705735467
1237652943705932286
1237652943708160188
1237652943710650680
1237652944240443849
1237652944240574746
1237652944244113724
1237652944245555460
1237652944245620933
1237652946385043561
1237652946916540548
1237652946916606110
1237652946920669222
1237652946921193636
1237652947456426037
1237652947459440733
1237652947988250743
1237652947988250783
1237652947989954668
1237652947992117394
1237652947992248435
1237652947997229159
1237652947997556875
1237652948525252761
1237652948529709125
1237652948530888797
1237652948531216493
1237652948533575747
1237652949063041149
1237652949068087416
1237652949070643327
1237653437082370147
1237653440840466561
1237653471443353726
1237653501507010652
1237653586333860148
1237653587403866580
1237653587405177126
1237653587406422334
1237653587408322829
1237653587942768998
1237653587944472893
1237653587946897650
1237653587947618520
1237653588479836457
1237653588484161687
1237653589017231639
1237653589020967125
1237653612110872733
1237653612113035379
1237653612648202378
1237653613186252895
1237653613721092236
1237653614256652545
1237653614257504469
1237653614258028761
1237653614258290825
1237653614258684093
1237653614260322499
1237653616933470390
1237653616934846636
1237653616935895162
1237653618009505968
1237653651304808569
1237653651312410799
1237653651837616313