1237648702973542469
1237648722298732703
1237649918971216048
1237650371018621112
1237650760244854900
1237651192428232892
1237651249878401048
1237651249891508297
1237651250414157919
1237651250977243450
1237651311607808085
1237651495223099631
1237651495761543366
1237651735236640778
1237651735757258765
1237651736315232357
1237651752944205838
1237651801772458121
1237652600102257002
1237652899682320489
1237652899686121569
1237652935641858131
1237652946379079804
1237652947455836236
1237652947457998886
1237653009194615150
1237653471443026017
1237653500970795150
1237653587408060429
1237653651302711312
1237653651844628666
1237653652911226937
1237653665258209458
1237654030328332452
1237654399164219639
1237654604247597206
1237654604777455659
1237654653635985662
1237654653636051007
1237654875357708432
1237654881271087128
1237654881798062100
1237654953203400808
1237655107832840325
1237655108374233182
1237655108374626326
1237655126619586735
1237655369815949526
1237655369822503043
1237655369822568495
1237655374109868301
1237655465917218877
1237655472894115969
1237655473436819679
1237655474505580845
1237655495981793339
1237655495982645476
1237655498670211218
1237655499199348807
1237655550744592574
1237655743483674960
1237656494571913254
1237656567038935144
1237656906354655331
1237657118412243112
1237657241898319966
1237657243506573401
1237657590858776636
1237657591394467915
1237657611268128988
1237657612336693293
1237657613412532338
1237657613413449748
1237657628987031575
1237657630590238967
1237657771777982547
1237657771780866133
1237657773936935738
1237657856607977524
1237658191613329449
1237658204501311631
1237658204504784907
1237658299520581858
1237658303281430564
1237658304890798174
1237658312939798567
1237658422482043003
1237658609293066298
1237658802573410381
1237658802577080463
1237658803116834872
1237658919069614163
1237659120415473786
1237659161739919574
1237659329239253205
1237660239778414788
1237660671430754375
1237660765376413916
1237660765908893968
1237661070872870923
1237661086958354567
1237661088028295176
1237661125612077126
1237661126154387475
1237661126154584268
1237661139030900979
1237661139033063542
1237661152452149305
1237661351629226103
1237661388690161706
1237661463842521123
1237661463848616123
1237661851469873168
1237661871871754254
1237661872413606266
1237661949707616261
1237661958829441105
1237661959903969412
1237661970117623859
1237661971714801765
1237661972259733658
1237661974937010350
1237661977085542412
1237662195070075019
1237662198813360269
1237662224596271124
1237662225132683436
1237662225685872719
1237662226202755144
1237662236392947850
1237662236934340746
1237662237478551702
1237662244983209992
1237662246593822914
1237662263773888530
1237662264314888225
1237662264315019605
1237662268609724557
1237662302966710416
1237662302969593970
1237662302981324864
1237662303514656781
1237662305650999364
1237662305661681723
1237662306189508768
1237662337330250087
1237662498928656601
1237662529528922231
1237662619186561195
1237662661595103415
1237662663753400391
1237663238739198066
1237663479792992576
1237663531330961604
1237663531875827772
1237663547441676374
1237663547979071644
1237663782602997868
1237663784194146369
1237663785277653149
1237663787953029545
1237663789027164433
1237663789033390247
1237663917885554734
1237664094508089383
1237664131016360006
1237664133165547565
1237664292075077715
1237664336632741928
1237664336642113577
1237664337707139174
1237664667371044924
1237664667886813326
1237664668974841994
1237664672714391590
1237664672718127208
1237664817675567228
1237664817681662035
1237664819823771695
1237664834851897471
1237664871895335010
1237664875657232593
1237665016311447593
1237665025439170633
1237665097926770722
1237665101139869764
1237665101685456965
1237665126950240423
1237665180057010279
1237665180596895819
1237665226229940380
1237665355628675316
1237665372792553640
1237665429173108785
1237665429179793438
1237665430245081259
1237665441513209958
1237665441533329494
1237665442592522271
1237665531723251798
1237665534926848062
1237666300020719764
1237667142327140416
1237667142857195982
1237667142858309754
1237667209991159899
1237667210523508832
1237667211598233635
1237667252921303050
1237667292643393663
1237667323788918878
1237667324321857547
1237667441896390693
1237667444048789588
1237667444048855053
1237667444582187020
1237667542291120185
1237667735062773780
1237667735572381852
1237667735601938683
1237667781205360666
1237667783367917730
1237667910587711520
1237667911124713496
1237667917027475563
1237668273507729487
1237668288010190888
1237668294986760211
1237668296598093987
1237668298738172011
1237668310015606848
1237668314315030555
1237668365851623732
1237668495774384300
1237668496318464133
1237668590266155130
1237668591340748813
1237668649851945123
1237670359786389605
1237670450523144332
1237670965388771509
1237671261206806638
1237671262811062391
1237671262816305297
1237671767461331011
1237671767462576283
1237671958588424370
1237671958594715820
1237671991338532959
1237672764444901494
1237673019445280830
1237673308818571363
1237673700743053424
1237673706651779130
1237673708259311797
1237673708796248241
1237674371291349366
1237674371292135455
1237674371824878198
1237674649391988840
1237674650461077748
