1237648702967251093
1237648702972821696
1237648702983241940
1237648702986125622
1237648703510478979
1237648703511658641
1237648703513428079
1237648703516115180
1237648704040534123
1237648704051478835
1237648704052068490
1237648704052592784
1237648704055017848
1237648704057573731
1237648704057770240
1237648704059408699
1237648704060194982
1237648704060653941
1237648704063406732
1237648704063734223
1237648704585335016
1237648704586514654
1237648704587038957
1237648704595624148
1237648704596803863
1237648704598376626
1237648704599228577
1237648704600736199
1237648705114538151
1237648705115979950
1237648705120895197
1237648705122861310
1237648705131905248
1237648705137213843
1237648705658486867
1237648705663205633
1237648705664319688
1237648705664909449
1237648720142925946
1237648720146006287
1237648720146006363
1237648720146137223
1237648720146137229
1237648720149610779
1237648720152363027
1237648720152494164
1237648720152559831
1237648720156098722
1237648720158654584
1237648720160424046
1237648720162652349
1237648720165339292
1237648720165732488
1237648720166125634
1237648720166256756
1237648720166322352
1237648720172417178
1237648720172679390
1237648720681304371
1237648720685301897
1237648720697360592
1237648720698671256
1237648720699130081
1237648720708305073
1237648721217781939
1237648721219748023
1237648721221779630
1237648721221845221
1237648721223680257
1237648721225122031
1237648721226170501
1237648721226563768
1237648721227284638
1237648721231216754
1237648721235935459
1237648721249435828
1237648721250353307
1237648721252778376
1237648721252909331
1237648721747247472
1237648721748099461
1237648721748951332
1237648721754980554
1237648721756291223
1237648721757864179
1237648721758257293
1237648721763631246
1237648721767563389
1237648721768743049
1237648721770184921
1237648721770709129
1237648721772675092
1237648721780408635
1237648721788469476
1237648721788535067
1237648721788862759
1237648721790501128
1237648721790828908
1237648722288246924
1237648722290933840
1237648722293031151
1237648722296832040
1237648722300043510
1237648722304303378
1237648722305482951
1237648722313150660
1237648722314789028
1237648722316165292
1237648722321014958
1237648722321015098
1237648722321801353
1237648722322719055
1237648722325995882
1237648722837569753
1237648722841174194
1237648722841960596
1237649918427398296
1237649918428512388
1237649918969970826
1237649919500943550
1237649919504482487
1237649919509135574
1237649920041681040
1237649920042139727
1237649920042729790
1237649920047120590
1237649920573767755
1237649920575799468
1237649921111949481
1237649954403582130
1237649961385394353
1237649961385787671
1237649961386639530
1237649962993516725
1237650369944420473
1237650369944944836
1237650369946714234
1237650370478014631
1237650370480570579
1237650370486206541
1237650371017834723
1237650371018293352
1237650371024388222
1237650760245051580
1237650760246100072
1237650760780939372
1237650760786444498
1237650760787886330
1237650761318793432
1237650761320235167
1237650761322987759
1237650761853763725
1237650761855664298
1237650761857958063
1237650761859268838
1237650762392207472
1237650762924490851
1237650762934976698
1237650795144020174
1237650796213633149
1237650796214092148
1237650796219596962
1237650796219728046
1237650796751356289
1237650796755091627
1237651065735545033
1237651066277593241
1237651066810859652
1237651066814726276
1237651067352252634
1237651067355988138
1237651190281797748
1237651190818078964
1237651190821748896
1237651190822207640
1237651190822273128
1237651190824960239
1237651191353246029
1237651191360127059
1237651191361044686
1237651191890313546
1237651191892082886
1237651191896277246
1237651192432492651
1237651192433672499
1237651203694985322
1237651204231725187
1237651211213275463
1237651211749359845
1237651211749949752
1237651211750408351
1237651211752571130
1237651212287017484
1237651212287869168
1237651213897171320
1237651224635506990
1237651225172640045
1237651225174147471
1237651225174213028
1237651225709838692